29.514988
32.270645
35.228954
36.799545
25.770214
34.915726
30.811687
29.318377
24.340704
24.869198
25.337608
26.49769
26.44527
29.85292
44.660645
32.410084
27.749226
26.656693
30.627329
28.602646
26.218107
25.16228
28.082127
30.24405
36.579224
25.357388
30.960012
29.222729
33.584995
32.096058
25.281517
25.847391
28.310833
30.436314
32.127342
26.675777
30.721668
26.553755
27.360659
33.20151
31.959917
28.15791
27.360603
16.95509
14.054254
27.72779
37.85605
27.106413
31.43072
43.20151
40.20449
29.005398
22.548668
17.712341
27.681412
24.976435
26.52473
22.63601
34.525482
38.939354
27.795866
30.908712
24.475712
30.157804
29.076227
29.74
35.333088
24.83504
29.020065
23.462559
23.892424
19.405605
28.090244
23.764105
33.14198
23.097183
32.292004
25.60558
37.73886
40.67701
29.267328
19.910143
31.186478
29.084015
25.57306
28.874184
29.635891
29.339745
31.289114
24.785278
30.173706
29.264942
31.384842
23.718338
23.716093
25.192568
23.130308
26.03802
24.566597
24.349985
23.372265
28.137608
31.305819
28.904455
33.472336
23.80427
32.898693
30.219368
29.77138
28.96636
34.547997
17.162563
14.967273
25.957235
25.676907
33.534073
32.81476
30.853052
27.57849
25.387169
34.071068
34.91774
31.017689
30.75787
34.899876
40.808
26.735756
32.433395
30.435026
30.915518
31.65043
38.155457
36.79021
29.313488
37.205452
30.114565
40.29537
29.154789
26.99427
26.43001
28.415447
29.401693
31.839466
41.330982
40.620518
36.6184
31.384733
27.475521
24.39272
28.266508
35.041847
35.983456
30.266237
32.72862
21.9627
13.972847
27.138258
24.51124
25.995108
26.918701
25.979792
27.2131
31.359352
27.292913
32.54347
31.2091
39.367767
27.446457
29.900051
30.442112
26.57254
22.150982
33.74944
25.794014
22.362463
33.119057
29.48453
13.579345
27.595785
28.40448
27.168926
44.233948
34.431076
33.7837
23.676502
25.731682
27.176039
25.814392
26.787045
26.40749
29.465855
26.940552
28.402882
38.836754
32.767464
28.34516
30.729895
32.02196
31.226627
26.375315
24.236311
22.75123
32.927
22.313963
26.216112
25.491606
21.547499
21.08003
24.902845
29.625824
31.243961
33.189735
36.905037
25.943968
26.094347
26.235842
24.560808
27.239655
28.682999
25.431675
26.372416
31.110628
37.299973
29.528183
18.024338
29.217333
25.032614
24.981127
23.25898
27.910563
33.192375
31.971466
43.046352
29.417862
29.481277
30.158207
26.700502
32.738102
19.048946
19.086874
21.895685
22.18739
20.294662
20.999113
23.686739
27.920105
28.802057
31.521564
31.661707
23.443533
25.00069
29.891724
37.94632
37.73772
37.408127
21.973051
29.013678
28.383793
31.047592
25.891104
27.422752
29.534157
25.552269
32.99398
27.946814
30.063627
25.61841
20.093435
32.711235
22.566483
17.630938
32.298244
27.558804
31.289604
27.718647
25.309977
28.220932
30.8418
30.900122
28.955883
31.193432
31.788008
32.567356
33.70074
23.646091
25.208511
38.835716
27.011213
28.752583
29.56124
27.286951
18.627155
28.659513
27.785975
