2049 90 2814.3278628849985 2863.800861576728 
 2049 5 0 0
 2049 5 2771.1674436791986 2860.5272260052466 
 2049 90 2814.3278628849985 2863.800861576728 
 2049 5 0 0
 2049 20 0 0
 2049 20 0 0
 2049 35 0 0
 2049 35 0 0
 2049 50 0 0
 2049 50 0 0
 2049 65 0 0
 2049 65 0 0
 2049 80 0 0
 2049 80 0 0
 2049 95 0 0
 2049 95 0 0
 2049 5 0 0
 2049 20 0 0
 2049 20 0 0
 2049 35 0 0
 2049 35 0 0
 2049 50 0 0
 2049 50 0 0
 2049 65 0 0
 2049 65 0 0
 2049 80 0 0
 2049 80 0 0
 2049 95 0 0
 2049 95 0 0
 2049 20 2771.1674436791986 2860.5272260052466 
 2049 5 0 0
 2049 20 0 0
 2049 20 0 0
 2049 35 0 0
 2049 35 0 0
 2049 50 0 0
 2049 50 0 0
 2049 65 0 0
 2049 65 0 0
 2049 80 0 0
 2049 80 0 0
 2049 95 0 0
 2049 95 0 0
 2049 20 2771.1674436791986 2860.5272260052466 
 2049 5 0 0
 2049 20 0 0
 2049 20 0 0
 2049 35 0 0
 2049 35 0 0
 2049 50 0 0
 2049 50 0 0
 2049 65 0 0
 2049 65 0 0
 2049 80 0 0
 2049 80 0 0
 2049 95 0 0
 2049 95 0 0
 2049 20 2928.012930979021 2840.316010841285 
 2049 20 2533.67 3181.79 
 2049 5 0 0
 2049 20 0 0
 2049 5 0 0
 2049 20 0 0
 2049 20 0 0
 2049 35 0 0
 2049 35 0 0
 2049 50 0 0
 2049 50 0 0
 2049 65 0 0
 2049 65 0 0
 2049 80 0 0
 2049 80 0 0
 2049 95 0 0
 2049 95 0 0
 2049 5 0 0
 2049 20 0 0
 2049 20 0 0
 2049 35 0 0
 2049 35 0 0
 2049 50 0 0
 2049 50 0 0
 2049 65 0 0
 2049 65 0 0
 2049 80 0 0
 2049 80 0 0
 2049 95 0 0
 2049 95 0 0
 2049 5 0 0
 2049 20 0 0
 2049 20 0 0
 2049 35 0 0
 2049 35 0 0
 2049 50 0 0
 2049 50 0 0
 2049 65 0 0
 2049 65 0 0
 2049 80 0 0
 2049 80 0 0
 2049 95 0 0
 2049 95 0 0
 2049 20 2771.1674436791986 2860.5272260052466 
 2049 5 0 0
 2049 20 0 0
 2049 20 0 0
 2049 35 0 0
 2049 35 0 0
 2049 50 0 0
 2049 50 0 0
 2049 65 0 0
 2049 65 0 0
 2049 80 0 0
 2049 80 0 0
 2049 95 0 0
 2049 95 0 0
 2049 20 2771.1674436791986 2860.5272260052466 
 2049 5 0 0
 2049 20 0 0
 2049 20 0 0
 2049 35 0 0
 2049 35 0 0
 2049 50 0 0
 2049 50 0 0
 2049 65 0 0
 2049 20 2771.1674436791986 2860.5272260052466 
 2049 65 0 0
 2049 80 0 0
 2049 80 0 0
 2049 95 0 0
 2049 95 0 0
 2049 5 0 0
 2049 20 0 0
 2049 20 0 0
 2049 35 0 0
 2049 35 0 0
 2049 50 0 0
 2049 50 0 0
 2049 65 0 0
 2049 65 0 0
 2049 80 0 0
 2049 80 0 0
 2049 95 0 0
 2049 95 0 0
 2049 5 0 0
 2049 20 0 0
 2049 20 0 0
 2049 35 0 0
 2049 35 0 0
 2049 50 0 0
 2049 50 0 0
 2049 65 0 0
 2049 65 0 0
 2049 80 0 0
 2049 80 0 0
 2049 95 0 0
 2049 95 0 0
 2049 20 2771.1674436791986 2860.5272260052466 
 2049 5 0 0
 2049 20 0 0
 2049 20 0 0
 2049 35 0 0
 2049 35 0 0
 2049 50 0 0
 2049 50 0 0
 2049 65 0 0
 2049 65 0 0
 2049 80 0 0
 2049 80 0 0
 2049 95 0 0
 2049 95 0 0
 2049 20 0 0
 2049 20 0 0
 2049 5 0 0
 2049 20 0 0
 2049 20 0 0
 2049 35 0 0
 2049 35 0 0
 2049 50 0 0
 2049 50 0 0
 2049 65 0 0
 2049 65 0 0
 2049 80 0 0
 2049 80 0 0
 2049 95 0 0
 2049 95 0 0
 2049 20 0 0
 2049 20 2771.1674436791986 2860.5272260052466 
 2049 5 0 0
 2049 20 0 0
 2049 20 0 0
 2049 35 0 0
 2049 35 0 0
 2049 50 0 0
 2049 50 0 0
 2049 65 0 0
 2049 65 0 0
 2049 20 2771.1674436791986 2860.5272260052466 
 2049 5 2771.1674436791986 2860.5272260052466 
 2049 20 2771.1674436791986 2860.5272260052466 
 2049 20 2771.1674436791986 2860.5272260052466 
 2049 35 2771.1674436791986 2860.5272260052466 
 2049 35 2771.1674436791986 2860.5272260052466 
 2049 5 2771.1674436791986 2860.5272260052466 
 2049 20 2771.1674436791986 2860.5272260052466 
 2049 20 0 0
 2049 20 0 0
 2049 20 2771.1674436791986 2860.5272260052466 
 2049 20 2771.1674436791986 2860.5272260052466 
 2049 5 2771.1674436791986 2860.5272260052466 
 2049 20 2771.1674436791986 2860.5272260052466 
 2049 20 2771.1674436791986 2860.5272260052466 
 2049 35 2771.1674436791986 2860.5272260052466 
 2049 35 2771.1674436791986 2860.5272260052466 
 2049 50 2771.1672738714174 2860.5270812133845 
 2049 50 2771.1672738714174 2860.5270812133845 
 2049 65 2762.324865316709 2856.650856561671 
 2049 65 2762.324865316709 2856.650856561671 
 